518.219962
509.311581
443.791739
402.50829
231.870918
390.953721
357.558918
205.655216
400.210689
226.870381
305.627141
196.714408
276.101356
268.67863
209.716233
332.623217
265.490573
196.717395
262.969397
204.565081
394.256977
198.749183
216.137145
252.136748
261.802463
327.93116
198.213716
225.305792
300.588203
206.327216
343.691387
280.165786
206.834097
290.352888
196.325287
372.973545
211.776181
224.344938
241.014392
249.389866
314.217654
208.456711
250.232534
257.578459
194.7863
313.177441
199.529983
249.464107
252.575362
224.761791
