23.712109
19.579561
18.69354
18.786307
19.201088
17.964424
17.720191
17.87274
18.886008
19.314909
18.241071
18.375701
19.019793
18.582476
19.012936
18.225647
18.439417
18.796914
17.926751
18.039041
17.959066
18.735683
18.818448
18.394534
18.034731
18.857074
17.930034
19.362077
18.612314
17.990628
18.870264
18.347093
18.783501
17.760279
19.482947
18.793077
18.920056
18.854128
18.636556
18.07413
18.24171
17.886589
19.428074
18.566607
19.062344
18.6188
17.956973
18.027632
17.89518
17.947702
